timestamp	mspt
1670634082784.0796	20
1670634083848.0938	20
1670634084895.1733	20
1670634085940.0708	20
1670634086990.435	20
1670634088038.826	20
1670634089090.1433	20
1670634090139.3477	20
1670634091238.519	20
1670634092253.0898	20
1670634093308.0596	20
1670634094361.802	20
1670634095408.6233	20
1670634096459.4153	20
1670634097510.261	20
1670634098560.0737	20
1670634099609.873	20
1670634100661.65	20
1670634101711.3223	20
1670634102762.7915	20
1670634103811.6926	20
1670634104860.6611	20
1670634105914.3916	20
1670634106962.1663	20
1670634108016.09	20
1670634109037.9365	20
1670634110073.2766	20
1670634111111.9414	20
1670634112162.191	20
1670634113212.1138	20
1670634114233.9944	20
1670634115276.1726	20
1670634116328.0627	20
1670634117380.1277	20
1670634118428.1772	20
1670634119480.0867	20
1670634120492.2388	20
1670634121550.5942	20
1670634122603.1562	20
1670634123655.7769	20
1670634124703.861	20
1670634125748.0708	20
1670634126799.1138	20
1670634127849.757	20
1670634128898.8225	20
1670634129949.812	20
1670634130999.4478	20
1670634132049.166	20
1670634133099.3203	20
1670634134150.0886	20
1670634135200.068	20
1670634136249.8398	20
1670634137259.4817	20
1670634138310.0212	20
1670634139360.074	20
1670634140411.5156	20
1670634141461.204	20
1670634142509.9495	20
1670634143560.0713	20
1670634144610.0496	20
1670634145660.0762	20
1670634146711.6025	20
1670634147764.07	20
1670634148813.906	20
1670634149861.8796	20
1670634150911.3567	20
1670634151961.6194	20
1670634153011.7676	20
1670634154061.6758	20
1670634155113.2527	20
1670634156163.283	20
1670634157213.3867	20
1670634158262.9934	20
1670634159313.7969	20
1670634160363.2556	20
1670634161415.1897	20
1670634162467.6233	20
1670634163515.4802	20
1670634164564.0024	20
1670634165613.7678	20
1670634166666.442	20
1670634167714.6714	20
1670634168764.0715	20
1670634169816.08	20
1670634170864.681	20
1670634171916.0574	20
1670634172965.9094	20
1670634174017.4553	20
1670634175066.1409	20
1670634176116.0837	20
1670634177166.729	20
1670634178216.1182	20
1670634179269.9048	20
1670634180316.1475	20
1670634181366.7031	20
1670634182417.8862	20
1670634183468.6174	20
1670634184516.0874	20
1670634185579.068	20
1670634186628.635	20
1670634187678.4263	20
1670634188730.707	20
1670634189780.0771	20
1670634190829.1643	20
1670634191880.073	20
1670634192930.8525	20
1670634193980.0723	20
1670634195031.0208	20
1670634196080.0537	20
1670634197130.226	20
1670634198180.623	20
1670634199231.0667	20
1670634200248.0784	20
1670634201298.3992	20
1670634202348.663	20
1670634203398.4717	20
1670634204450.4014	20
1670634205499.295	20
1670634206550.2378	20
1670634207599.1077	20
1670634208648.673	20
1670634209701.612	20
1670634210749.5876	20
1670634211806.5293	20
1670634212850.876	20
1670634213904.0642	20
1670634214954.1206	20
1670634216004.5378	20
1670634217057.311	20
1670634218105.4236	20
1670634219155.7405	20
1670634220205.531	20
1670634221255.6064	20
1670634222305.803	20
1670634223355.9993	20
1670634224406.9902	20
1670634225456.7905	20
1670634226506.068	20
1670634227576.0784	20
1670634228624.629	20
1670634229673.494	20
1670634230724.6216	20
1670634231774.6897	20
1670634232825.2842	20
1670634233875.5725	20
1670634234926.5474	20
1670634235975.8936	20
1670634237029.7144	20
1670634238077.519	20
1670634239126.361	20
1670634240176.1125	20
1670634241182.1658	20
1670634242233.7646	20
1670634243282.0818	20
1670634244332.704	20
1670634245382.6304	20
1670634246432.0657	20
1670634247483.0144	20
1670634248534.259	20
1670634249587.0315	20
1670634250636.6196	20
1670634251686.0251	20
1670634252733.723	20
1670634253764.0845	20
1670634254805.5376	20
1670634255854.8894	20
1670634256905.7493	20
1670634257955.9758	20
1670634259004.0762	20
1670634260055.943	20
1670634261109.8345	20
1670634262157.253	20
1670634263207.4482	20
1670634264257.8547	20
1670634265308.0764	20
1670634266356.0742	20
1670634267410.7507	20
1670634268466.7112	20
1670634269522.1758	20
1670634270573.487	20
1670634271590.4104	20
1670634272647.3271	20
1670634273695.461	20
1670634274759.6956	20
1670634275812.119	20
1670634276866.8193	20
1670634277918.4143	20
1670634278927.1145	20
1670634279977.6643	20
1670634281033.9548	20
1670634282087.399	20
1670634283141.758	20
1670634284193.3135	20
1670634285204.0835	20
1670634286216.0452	20
1670634287224.0664	20
1670634288272.647	20
1670634289327.9512	20
1670634290380.076	20
1670634291433.4197	20
1670634292445.5205	20
1670634293504.621	20
1670634294565.8372	20
1670634295573.8752	20
1670634296586.1345	20
1670634297617.4302	20
1670634298626.271	20
1670634299673.1062	20
1670634300733.9875	20
1670634301796.08	20
1670634302856.116	20
1670634303917.7056	20
1670634304930.4749	20
1670634305987.4216	20
1670634307005.21	20
1670634308018.7808	20
1670634309065.547	20
1670634310080.0823	20
1670634311094.3713	20
1670634312153.3853	20
1670634313213.1753	20
1670634314271.6428	20
1670634315291.5642	20
1670634316344.0752	20
1670634317392.0718	20
1670634318408.0774	20
1670634319475.6606	20
1670634320527.2886	20
1670634321540.071	20
1670634322626.9385	20
1670634323669.833	20
1670634324704.0894	20
1670634325722.8098	20
1670634326780.0803	20
1670634327837.306	20
1670634328862.2751	20
1670634329920.6455	20
1670634330980.0786	20
1670634332041.9138	20
1670634333084.0857	20
1670634334156.6492	20
1670634335205.2075	19.036740909956215
1670634336265.9749	17.83484929552345
1670634337315.4534	19.26040061633282
1670634338336.1277	20
1670634339355.8726	20
1670634340390.7095	20
1670634341437.9817	20
1670634342491.4836	20
1670634343498.4988	20
1670634344556.072	20
1670634345657.586	20
1670634346689.8582	20
1670634347721.2734	20
1670634348782.8196	20
1670634349861.938	20
1670634350925.7305	20
1670634351939.411	20
1670634352995.602	20
1670634354019.1995	20
1670634355037.4094	20
1670634356129.7476	20
1670634357172.0774	20
1670634358228.0876	20
1670634359260.0894	19.790223629527013
1670634360322.5042	19.747235387045812
1670634361371.335	19.747235387045812
1670634362423.4348	19.673421207948063
1670634363505.7996	19.36858415649816
1670634364530.1135	20
1670634365573.7844	19.87281399046105
1670634366629.7314	19.758940920766648
1670634367672.0955	19.58096729978461
1670634368696.0886	18.89644746787604
1670634369834.2803	18.024513338139872
1670634370860.7551	17.822135091783995
1670634371916.0828	17.20282126268708
1670634372941.2615	17.035775127768314
1670634373972.6848	16.869095816464238
1670634375010.8735	16.608536787908985
1670634376059.1582	15.865460891638902
1670634377112.084	15.309246785058177
1670634378211.2498	15.35862386730149
1670634379237.1672	15.269506794930525
1670634380322.4912	14.827995255041518
1670634381360.6633	13.798813302056024
1670634382392.0825	14.09443269908386
1670634383431.6206	15.202189115232594
1670634384507.2927	14.956625785222855
1670634385596.0776	13.306719893546239
1670634386756.0764	12.4750499001996
1670634387827.486	12.327416173570018
1670634388894.6843	11.96029183112068
1670634389917.3086	11.734334663224596
1670634391007.5378	11.743981209630064
1670634392048.0889	11.796626164916834
1670634393098.7722	12.965123816932453
1670634394156.086	14.65845793022574
1670634395189.1675	16.877637130801688
1670634396217.2407	17.352073572791948
1670634397262.2185	18.063583815028903
1670634398365.3635	17.277125086385624
1670634399389.7566	16.31055292774425
1670634400444.111	16.051364365971107
1670634401495.3887	15.647003598810828
1670634402574.997	15.595757953836555
1670634403620.1133	15.49186676994578
1670634404678.106	16.147263038914904
1670634405763.0186	16.36125654450262
1670634406796.1018	15.63721657544957
1670634407889.255	15.026296018031555
1670634408972.077	15.518311607697083
1670634410089.788	15.255530129672007
1670634411112.1067	14.359563469270533
1670634412263.5798	14.49905756125852
1670634413326.2654	14.885382554331645
1670634414347.3496	15.042117930204572
1670634415468.0784	14.310246136233545
1670634416525.1863	14.718869590815427
1670634417572.125	14.430014430014431
1670634418627.8542	14.524328249818447
1670634419670.8066	14.031149151115477
1670634420771.5813	13.542795232936077
1670634421801.9983	14.275517487508923
1670634422829.2102	14.63057790782736
1670634423866.76	13.952839402818473
1670634424891.4502	13.943112102621305
1670634425940.0938	14.037057832678272
1670634426968.6648	14.530659691950015
1670634427995.514	14.430014430014431
1670634429065.578	14.40922190201729
1670634430126.29	13.844662882458811
1670634431153.614	14.3348623853211
1670634432185.2532	14.596409283316303
1670634433234.1235	14.36988072998994
1670634434328.0833	13.910140492418973
1670634435353.6975	14.326647564469914
1670634436385.6545	14.336917562724015
1670634437433.439	14.617745943575501
1670634438522.641	14.251104460595696
1670634439708.0325	14.79727730097662
1670634440787.5176	15.508684863523571
1670634441830.354	15.18141794443601
1670634442880.073	14.949917775452235
1670634443910.8333	15.02178158329578
1670634444967.734	15.413070283600494
1670634446011.124	15.865460891638902
1670634447026.2366	15.513496742165685
1670634448084.1404	15.664160401002505
1670634449097.1204	15.733165512901195
1670634450142.9583	15.527950310559005
1670634451178.8027	15.518311607697083
1670634452220.6406	15.087507543753771
1670634453259.3013	15.25320317266626
1670634454360.1357	15.728216420257944
1670634455424.0916	15.77784790154623
